HOT_PIXEL_PERCENTAGE: 0.1190868033697552
MIN_BLOB_SIZE: 16
AVG_THERMAL_GRADIENT_THRESHOLD: 79.62509542939358
MAX_TRACKING_DISTANCE: 31.32302464040465
MIN_STRENGTH_THRESHOLD: 0.9316044553458407
STRENGTH_DECAY: 0.4806629585338413
PERSISTENCE_THRESHOLD: 0.3609074365767284
initial_valid_strength: 0.9904082704208468
initial_invalid_strength: 0.62822358075945
matched_decay_base: 0.7932573771569061
matched_decay_bonus: 0.4917392187152915
unmatched_decay_base: 0.6854539840801871
unmatched_decay_bonus: 0.29300334926821603
VALIDITY_MARGIN_RATIO: 0.5825758577402842
gradient_decay_factor: 0.0955534567279704
fallback_search_radius: 15

train_score: 0.2826
best_trial_number: 2044
beta_for_score: 1.0
