HOT_PIXEL_PERCENTAGE: 0.1743016455438854
MIN_BLOB_SIZE: 16
AVG_THERMAL_GRADIENT_THRESHOLD: 79.99979846884057
MAX_TRACKING_DISTANCE: 33.57707359507503
MIN_STRENGTH_THRESHOLD: 0.9121886584995468
STRENGTH_DECAY: 0.46849753887222023
PERSISTENCE_THRESHOLD: 0.6233938915721995
initial_valid_strength: 0.739138732045642
initial_invalid_strength: 0.3487596124924217
matched_decay_base: 0.7295979112424003
matched_decay_bonus: 0.4708910152445832
unmatched_decay_base: 0.6569235903133869
unmatched_decay_bonus: 0.10765853628071935
VALIDITY_MARGIN_RATIO: 0.6519358803132965
gradient_decay_factor: 0.27170606826132865
fallback_search_radius: 39

train_score: 0.2894
best_trial_number: 2248
beta_for_score: 1.0
