HOT_PIXEL_PERCENTAGE: 0.2532802223861003
MIN_BLOB_SIZE: 16
AVG_THERMAL_GRADIENT_THRESHOLD: 79.99657496229064
MAX_TRACKING_DISTANCE: 32.9257268309846
MIN_STRENGTH_THRESHOLD: 0.8994267620927635
STRENGTH_DECAY: 0.5445419514824423
PERSISTENCE_THRESHOLD: 0.2641785458087331
initial_valid_strength: 0.7214498611321114
initial_invalid_strength: 0.7609968419571359
matched_decay_base: 0.7277529765310596
matched_decay_bonus: 0.36691801207525965
unmatched_decay_base: 0.49315064793714947
unmatched_decay_bonus: 0.10018598979694945
VALIDITY_MARGIN_RATIO: 0.7537547268419228
gradient_decay_factor: 0.9388436166481109
fallback_search_radius: 15

train_score: 0.2874
best_trial_number: 2248
beta_for_score: 1.0
