HOT_PIXEL_PERCENTAGE: 0.12687337931163942
MIN_BLOB_SIZE: 16
AVG_THERMAL_GRADIENT_THRESHOLD: 79.35324537596601
MAX_TRACKING_DISTANCE: 31.00731028697331
MIN_STRENGTH_THRESHOLD: 0.773980758345534
STRENGTH_DECAY: 0.8711586706847378
PERSISTENCE_THRESHOLD: 0.37832495910098873
initial_valid_strength: 0.777433381193177
initial_invalid_strength: 0.7188984305717906
matched_decay_base: 0.7110891738221189
matched_decay_bonus: 0.27514527317778037
unmatched_decay_base: 0.47739657632771654
unmatched_decay_bonus: 0.15935450398888354
VALIDITY_MARGIN_RATIO: 0.6851096583338501
gradient_decay_factor: 0.05299783459963026
fallback_search_radius: 20

train_score: 0.2828
best_trial_number: 1731
beta_for_score: 1.0
