HOT_PIXEL_PERCENTAGE: 0.12507522421101142
MIN_BLOB_SIZE: 16
AVG_THERMAL_GRADIENT_THRESHOLD: 78.93492240852854
MAX_TRACKING_DISTANCE: 30.15229207872796
MIN_STRENGTH_THRESHOLD: 0.6640266798409507
STRENGTH_DECAY: 0.8229706138265253
PERSISTENCE_THRESHOLD: 0.9528101798938757
initial_valid_strength: 0.9168458510332466
initial_invalid_strength: 0.3815871306583161
matched_decay_base: 0.7150839116957536
matched_decay_bonus: 0.30280391549548574
unmatched_decay_base: 0.6080339615114433
unmatched_decay_bonus: 0.3493113534552122
VALIDITY_MARGIN_RATIO: 0.5642543291131703
gradient_decay_factor: 0.09415185248504314
fallback_search_radius: 37

train_score: 0.2847
best_trial_number: 1266
beta_for_score: 1.0
