HOT_PIXEL_PERCENTAGE: 0.11310375965262441
MIN_BLOB_SIZE: 16
AVG_THERMAL_GRADIENT_THRESHOLD: 79.9966765575437
MAX_TRACKING_DISTANCE: 39.85133281225439
MIN_STRENGTH_THRESHOLD: 0.8141542801021904
STRENGTH_DECAY: 0.8508779648398408
PERSISTENCE_THRESHOLD: 0.6740834067730151
initial_valid_strength: 0.979300152580511
initial_invalid_strength: 0.41148864037507316
matched_decay_base: 0.7862932304754913
matched_decay_bonus: 0.40931934288736
unmatched_decay_base: 0.5514683232802686
unmatched_decay_bonus: 0.34725810749954705
VALIDITY_MARGIN_RATIO: 0.512650542143714
gradient_decay_factor: 0.9996091017708337
fallback_search_radius: 34

train_score: 0.2837
best_trial_number: 1462
beta_for_score: 1.0
