HOT_PIXEL_PERCENTAGE: 0.1235349567279295
MIN_BLOB_SIZE: 16
AVG_THERMAL_GRADIENT_THRESHOLD: 79.49784560864022
MAX_TRACKING_DISTANCE: 59.919108155825896
MIN_STRENGTH_THRESHOLD: 0.7489291153556816
STRENGTH_DECAY: 0.7446142029710151
PERSISTENCE_THRESHOLD: 0.9300733226984781
initial_valid_strength: 0.8278015878153926
initial_invalid_strength: 0.708988325868866
matched_decay_base: 0.6047283632829031
matched_decay_bonus: 0.4229220551575171
unmatched_decay_base: 0.6616996067887445
unmatched_decay_bonus: 0.21306356568609053
VALIDITY_MARGIN_RATIO: 0.5460040249759799
gradient_decay_factor: 0.9865913544462092
fallback_search_radius: 24

train_score: 0.2849
best_trial_number: 221
beta_for_score: 1.0
