HOT_PIXEL_PERCENTAGE: 0.24851285289567324
MIN_BLOB_SIZE: 16
AVG_THERMAL_GRADIENT_THRESHOLD: 75.39887786568053
MAX_TRACKING_DISTANCE: 35.51495135224963
MIN_STRENGTH_THRESHOLD: 0.949788704742081
STRENGTH_DECAY: 0.8525535796410538
PERSISTENCE_THRESHOLD: 0.6712110833997604
initial_valid_strength: 0.7846901474272813
initial_invalid_strength: 0.442990629086537
matched_decay_base: 0.6168259398058927
matched_decay_bonus: 0.22453132557286026
unmatched_decay_base: 0.6451335947387397
unmatched_decay_bonus: 0.1000251223866455
VALIDITY_MARGIN_RATIO: 0.6278994988337157
gradient_decay_factor: 0.9603329141142268
fallback_search_radius: 35

train_score: 0.2775
best_trial_number: 1127
beta_for_score: 1.0
