HOT_PIXEL_PERCENTAGE: 0.1267698963772843
MIN_BLOB_SIZE: 16
AVG_THERMAL_GRADIENT_THRESHOLD: 79.26712416527911
MAX_TRACKING_DISTANCE: 58.19343880538852
MIN_STRENGTH_THRESHOLD: 0.45908741950014587
STRENGTH_DECAY: 0.7438134050910815
PERSISTENCE_THRESHOLD: 0.9748282164199746
initial_valid_strength: 0.8509112498540273
initial_invalid_strength: 0.4093595349064829
matched_decay_base: 0.6071255607415882
matched_decay_bonus: 0.4253011439790686
unmatched_decay_base: 0.6099153343509921
unmatched_decay_bonus: 0.13775244437038706
VALIDITY_MARGIN_RATIO: 0.6410127496936371
gradient_decay_factor: 0.3631687789306073
fallback_search_radius: 33

train_score: 0.2858
best_trial_number: 1826
beta_for_score: 1.0
