HOT_PIXEL_PERCENTAGE: 0.11612581838325813
MIN_BLOB_SIZE: 16
AVG_THERMAL_GRADIENT_THRESHOLD: 79.66086739116639
MAX_TRACKING_DISTANCE: 59.457414974777656
MIN_STRENGTH_THRESHOLD: 0.9334688458699469
STRENGTH_DECAY: 0.6542202083114971
PERSISTENCE_THRESHOLD: 0.5298976778093729
initial_valid_strength: 0.959873443491728
initial_invalid_strength: 0.5217512829330706
matched_decay_base: 0.6400230593814628
matched_decay_bonus: 0.38664046882874853
unmatched_decay_base: 0.600189416559784
unmatched_decay_bonus: 0.12705743638673914
VALIDITY_MARGIN_RATIO: 0.5134384386432054
gradient_decay_factor: 0.6101527309221702
fallback_search_radius: 15

train_score: 0.2815
best_trial_number: 1976
beta_for_score: 1.0
