HOT_PIXEL_PERCENTAGE: 0.3826326974225877
MIN_BLOB_SIZE: 16
AVG_THERMAL_GRADIENT_THRESHOLD: 79.99396503461827
MAX_TRACKING_DISTANCE: 31.500321446552622
MIN_STRENGTH_THRESHOLD: 0.9397840454391732
STRENGTH_DECAY: 0.5081554451832994
PERSISTENCE_THRESHOLD: 0.9998663033398576
initial_valid_strength: 0.74273720538799
initial_invalid_strength: 0.3714207995901533
matched_decay_base: 0.6920265545054696
matched_decay_bonus: 0.3978308146828543
unmatched_decay_base: 0.5004608545363209
unmatched_decay_bonus: 0.3727831533610524
VALIDITY_MARGIN_RATIO: 0.6100524462427865
gradient_decay_factor: 0.4741762509243493
fallback_search_radius: 15

train_score: 0.2629
best_trial_number: 2178
beta_for_score: 2.0
