HOT_PIXEL_PERCENTAGE: 0.2821405955914292
MIN_BLOB_SIZE: 16
AVG_THERMAL_GRADIENT_THRESHOLD: 79.97877087628643
MAX_TRACKING_DISTANCE: 32.30711837399054
MIN_STRENGTH_THRESHOLD: 0.8878074836467498
STRENGTH_DECAY: 0.8814538643250738
PERSISTENCE_THRESHOLD: 0.586522921006052
initial_valid_strength: 0.720900705511678
initial_invalid_strength: 0.47880446334852833
matched_decay_base: 0.6636202468258107
matched_decay_bonus: 0.4377539121429094
unmatched_decay_base: 0.6862694686418097
unmatched_decay_bonus: 0.39328452674628234
VALIDITY_MARGIN_RATIO: 0.7823758353934481
gradient_decay_factor: 0.5602062765053051
fallback_search_radius: 14

train_score: 0.2646
best_trial_number: 2472
beta_for_score: 2.0
