HOT_PIXEL_PERCENTAGE: 0.3907087052284377
MIN_BLOB_SIZE: 16
AVG_THERMAL_GRADIENT_THRESHOLD: 79.98907067530217
MAX_TRACKING_DISTANCE: 31.994283371777076
MIN_STRENGTH_THRESHOLD: 0.9394503208062328
STRENGTH_DECAY: 0.7540612797710438
PERSISTENCE_THRESHOLD: 0.9206775935023074
initial_valid_strength: 0.7431524543664507
initial_invalid_strength: 0.6255481737000596
matched_decay_base: 0.7638887596046349
matched_decay_bonus: 0.3021901312289885
unmatched_decay_base: 0.5179373581448411
unmatched_decay_bonus: 0.1905475663826583
VALIDITY_MARGIN_RATIO: 0.5722754719660973
gradient_decay_factor: 0.01800162066178538
fallback_search_radius: 34

train_score: 0.2625
best_trial_number: 1261
beta_for_score: 2.0
