HOT_PIXEL_PERCENTAGE: 0.25124582395776585
MIN_BLOB_SIZE: 16
AVG_THERMAL_GRADIENT_THRESHOLD: 79.99474364657378
MAX_TRACKING_DISTANCE: 36.719229563670034
MIN_STRENGTH_THRESHOLD: 0.8199330569591939
STRENGTH_DECAY: 0.43297310436179
PERSISTENCE_THRESHOLD: 0.7233180480882236
initial_valid_strength: 0.8845597261389727
initial_invalid_strength: 0.7218762691632024
matched_decay_base: 0.6852894180978096
matched_decay_bonus: 0.42246616277165483
unmatched_decay_base: 0.5033744284335783
unmatched_decay_bonus: 0.11700487263783615
VALIDITY_MARGIN_RATIO: 0.7344527623669477
gradient_decay_factor: 0.9741560516315357
fallback_search_radius: 37

train_score: 0.2606
best_trial_number: 1941
beta_for_score: 2.0
