HOT_PIXEL_PERCENTAGE: 0.27367733676812905
MIN_BLOB_SIZE: 16
AVG_THERMAL_GRADIENT_THRESHOLD: 78.04001983449426
MAX_TRACKING_DISTANCE: 30.902499638217947
MIN_STRENGTH_THRESHOLD: 0.5386516484811559
STRENGTH_DECAY: 0.40934273618182904
PERSISTENCE_THRESHOLD: 0.8849559106182271
initial_valid_strength: 0.7190291437944452
initial_invalid_strength: 0.3638066787799218
matched_decay_base: 0.6698902184969254
matched_decay_bonus: 0.4370787273130136
unmatched_decay_base: 0.4912017437364677
unmatched_decay_bonus: 0.13940594330692269
VALIDITY_MARGIN_RATIO: 0.5821251086445022
gradient_decay_factor: 0.8650901171455592
fallback_search_radius: 15

train_score: 0.2601
best_trial_number: 2358
beta_for_score: 2.0
