HOT_PIXEL_PERCENTAGE: 0.2591664962521257
MIN_BLOB_SIZE: 16
AVG_THERMAL_GRADIENT_THRESHOLD: 79.99968699312615
MAX_TRACKING_DISTANCE: 30.044021848460016
MIN_STRENGTH_THRESHOLD: 0.743339320262863
STRENGTH_DECAY: 0.6778473334886974
PERSISTENCE_THRESHOLD: 0.32117502443280327
initial_valid_strength: 0.7523257606809947
initial_invalid_strength: 0.6060086481584203
matched_decay_base: 0.7364469714033158
matched_decay_bonus: 0.3675564411538507
unmatched_decay_base: 0.44508489017043906
unmatched_decay_bonus: 0.3643953166834576
VALIDITY_MARGIN_RATIO: 0.6151993506823235
gradient_decay_factor: 0.7409671384763538
fallback_search_radius: 19

train_score: 0.2599
best_trial_number: 2231
beta_for_score: 2.0
