HOT_PIXEL_PERCENTAGE: 0.25125285519642254
MIN_BLOB_SIZE: 16
AVG_THERMAL_GRADIENT_THRESHOLD: 79.97568210360193
MAX_TRACKING_DISTANCE: 34.26357718297403
MIN_STRENGTH_THRESHOLD: 0.8587061278548405
STRENGTH_DECAY: 0.6041956090989639
PERSISTENCE_THRESHOLD: 0.9121760539806392
initial_valid_strength: 0.912312992689911
initial_invalid_strength: 0.34870214763531077
matched_decay_base: 0.6583278276012287
matched_decay_bonus: 0.46342894912619803
unmatched_decay_base: 0.4844583202007941
unmatched_decay_bonus: 0.193012266341221
VALIDITY_MARGIN_RATIO: 0.7455906645862019
gradient_decay_factor: 0.008405377589507518
fallback_search_radius: 18

train_score: 0.2609
best_trial_number: 1979
beta_for_score: 2.0
