HOT_PIXEL_PERCENTAGE: 0.2505962806873594
MIN_BLOB_SIZE: 16
AVG_THERMAL_GRADIENT_THRESHOLD: 79.98108494998017
MAX_TRACKING_DISTANCE: 35.26659470000072
MIN_STRENGTH_THRESHOLD: 0.8491699107104143
STRENGTH_DECAY: 0.4464948928135305
PERSISTENCE_THRESHOLD: 0.6718311646999403
initial_valid_strength: 0.917394855567151
initial_invalid_strength: 0.6720277674043768
matched_decay_base: 0.7684450328103823
matched_decay_bonus: 0.30916390761483237
unmatched_decay_base: 0.6799184142431459
unmatched_decay_bonus: 0.2578719656180509
VALIDITY_MARGIN_RATIO: 0.5814207547719332
gradient_decay_factor: 0.8304995372097881
fallback_search_radius: 35

train_score: 0.2604
best_trial_number: 1754
beta_for_score: 2.0
