HOT_PIXEL_PERCENTAGE: 0.27103606228362814
MIN_BLOB_SIZE: 15
AVG_THERMAL_GRADIENT_THRESHOLD: 79.99017025896086
MAX_TRACKING_DISTANCE: 35.599237434087456
MIN_STRENGTH_THRESHOLD: 0.4890038481900024
STRENGTH_DECAY: 0.7793362134832821
PERSISTENCE_THRESHOLD: 0.9873007195256404
initial_valid_strength: 0.9944940847395211
initial_invalid_strength: 0.3088786246108706
matched_decay_base: 0.7997772044918532
matched_decay_bonus: 0.2743841469436139
unmatched_decay_base: 0.676003776764765
unmatched_decay_bonus: 0.29952683008277986
VALIDITY_MARGIN_RATIO: 0.6625088473524079
gradient_decay_factor: 0.8203219941373272
fallback_search_radius: 13

train_score: 0.2609
best_trial_number: 2274
beta_for_score: 2.0
