HOT_PIXEL_PERCENTAGE: 0.26756702228396134
MIN_BLOB_SIZE: 16
AVG_THERMAL_GRADIENT_THRESHOLD: 79.63479551722936
MAX_TRACKING_DISTANCE: 36.34972102217648
MIN_STRENGTH_THRESHOLD: 0.42690580764036495
STRENGTH_DECAY: 0.8102371420745831
PERSISTENCE_THRESHOLD: 0.8191989596169713
initial_valid_strength: 0.8807213923649857
initial_invalid_strength: 0.4215684936717398
matched_decay_base: 0.791422946595036
matched_decay_bonus: 0.27630171006483756
unmatched_decay_base: 0.5482606714160572
unmatched_decay_bonus: 0.19024629142593627
VALIDITY_MARGIN_RATIO: 0.6425943844317514
gradient_decay_factor: 0.4609803559820887
fallback_search_radius: 15

train_score: 0.2619
best_trial_number: 2356
beta_for_score: 2.0
