HOT_PIXEL_PERCENTAGE: 0.4931104993487103
MIN_BLOB_SIZE: 16
AVG_THERMAL_GRADIENT_THRESHOLD: 76.9087095596824
MAX_TRACKING_DISTANCE: 31.113579938138617
MIN_STRENGTH_THRESHOLD: 0.9246718404434342
STRENGTH_DECAY: 0.603615993116981
PERSISTENCE_THRESHOLD: 0.3330828599849881
initial_valid_strength: 0.9776107020517509
initial_invalid_strength: 0.7091696884483857
matched_decay_base: 0.7867634093759183
matched_decay_bonus: 0.4417590931719616
unmatched_decay_base: 0.6690259878136744
unmatched_decay_bonus: 0.3402939582455343
VALIDITY_MARGIN_RATIO: 0.5837895583090031
gradient_decay_factor: 0.42586475928997336
fallback_search_radius: 24

train_score: 0.5061
best_trial_number: 2348
beta_for_score: 1.0
