HOT_PIXEL_PERCENTAGE: 0.4999427888042734
MIN_BLOB_SIZE: 16
AVG_THERMAL_GRADIENT_THRESHOLD: 76.9341005970621
MAX_TRACKING_DISTANCE: 31.268240889841618
MIN_STRENGTH_THRESHOLD: 0.9101827298459649
STRENGTH_DECAY: 0.5304350715782471
PERSISTENCE_THRESHOLD: 0.9997499159756386
initial_valid_strength: 0.9832134780832951
initial_invalid_strength: 0.7615985300330071
matched_decay_base: 0.6209323634936014
matched_decay_bonus: 0.4619825123736985
unmatched_decay_base: 0.6124937219196221
unmatched_decay_bonus: 0.34534919649517626
VALIDITY_MARGIN_RATIO: 0.6881490287519653
gradient_decay_factor: 0.4257371732140021
fallback_search_radius: 24

train_score: 0.4951
best_trial_number: 1570
beta_for_score: 1.0
