HOT_PIXEL_PERCENTAGE: 0.49979740282151475
MIN_BLOB_SIZE: 15
AVG_THERMAL_GRADIENT_THRESHOLD: 78.72175923238692
MAX_TRACKING_DISTANCE: 50.85404937064329
MIN_STRENGTH_THRESHOLD: 0.8093922891610474
STRENGTH_DECAY: 0.8748835633823759
PERSISTENCE_THRESHOLD: 0.6448025666059497
initial_valid_strength: 0.8820113415552814
initial_invalid_strength: 0.5498450124276552
matched_decay_base: 0.7653489560696252
matched_decay_bonus: 0.42461421539395816
unmatched_decay_base: 0.606670732206378
unmatched_decay_bonus: 0.24455317703795657
VALIDITY_MARGIN_RATIO: 0.5952921520750735
gradient_decay_factor: 0.41758686723254307
fallback_search_radius: 12

train_score: 0.497
best_trial_number: 2283
beta_for_score: 1.0
