HOT_PIXEL_PERCENTAGE: 0.4604595830009952
MIN_BLOB_SIZE: 15
AVG_THERMAL_GRADIENT_THRESHOLD: 79.6253748210749
MAX_TRACKING_DISTANCE: 32.189840697377846
MIN_STRENGTH_THRESHOLD: 0.46015886556499946
STRENGTH_DECAY: 0.8701400369401008
PERSISTENCE_THRESHOLD: 0.2212756682397187
initial_valid_strength: 0.7532943373195222
initial_invalid_strength: 0.35397300584111685
matched_decay_base: 0.6590532611300146
matched_decay_bonus: 0.4658311564550945
unmatched_decay_base: 0.6872997751542567
unmatched_decay_bonus: 0.3839815337973635
VALIDITY_MARGIN_RATIO: 0.7517037195431593
gradient_decay_factor: 0.7566797344567605
fallback_search_radius: 39

train_score: 0.4951
best_trial_number: 2397
beta_for_score: 1.0
