HOT_PIXEL_PERCENTAGE: 0.4923548725964142
MIN_BLOB_SIZE: 16
AVG_THERMAL_GRADIENT_THRESHOLD: 76.8954798339255
MAX_TRACKING_DISTANCE: 37.872287809202234
MIN_STRENGTH_THRESHOLD: 0.6147024119985974
STRENGTH_DECAY: 0.6644934347763173
PERSISTENCE_THRESHOLD: 0.9797568026832484
initial_valid_strength: 0.9642495046015235
initial_invalid_strength: 0.5854942982811137
matched_decay_base: 0.7105882900670478
matched_decay_bonus: 0.3537227582139422
unmatched_decay_base: 0.5866623814014283
unmatched_decay_bonus: 0.21637545519485155
VALIDITY_MARGIN_RATIO: 0.5814523573110532
gradient_decay_factor: 0.7006358556104277
fallback_search_radius: 12

train_score: 0.4961
best_trial_number: 2240
beta_for_score: 1.0
