HOT_PIXEL_PERCENTAGE: 0.4547452349225113
MIN_BLOB_SIZE: 16
AVG_THERMAL_GRADIENT_THRESHOLD: 79.63444647294985
MAX_TRACKING_DISTANCE: 38.06934721078217
MIN_STRENGTH_THRESHOLD: 0.8077123075420265
STRENGTH_DECAY: 0.8788652460670331
PERSISTENCE_THRESHOLD: 0.7614747047185577
initial_valid_strength: 0.9857761421223512
initial_invalid_strength: 0.3578249743781894
matched_decay_base: 0.7247101725439137
matched_decay_bonus: 0.48251336077020496
unmatched_decay_base: 0.6932768689321491
unmatched_decay_bonus: 0.20967944592284116
VALIDITY_MARGIN_RATIO: 0.7487955259348921
gradient_decay_factor: 0.9677595750169778
fallback_search_radius: 24

train_score: 0.4932
best_trial_number: 2446
beta_for_score: 1.0
