HOT_PIXEL_PERCENTAGE: 0.49269198270351616
MIN_BLOB_SIZE: 16
AVG_THERMAL_GRADIENT_THRESHOLD: 76.95413832362247
MAX_TRACKING_DISTANCE: 41.53504390032095
MIN_STRENGTH_THRESHOLD: 0.8478161015674344
STRENGTH_DECAY: 0.628028542690907
PERSISTENCE_THRESHOLD: 0.972391389819676
initial_valid_strength: 0.9370567738563549
initial_invalid_strength: 0.6314954319482362
matched_decay_base: 0.7833043983100904
matched_decay_bonus: 0.26621869014563054
unmatched_decay_base: 0.5350322117234554
unmatched_decay_bonus: 0.3749601272938338
VALIDITY_MARGIN_RATIO: 0.5696300954690708
gradient_decay_factor: 0.6782448932883629
fallback_search_radius: 12

train_score: 0.4876
best_trial_number: 1767
beta_for_score: 1.0
