HOT_PIXEL_PERCENTAGE: 0.45418410383477636
MIN_BLOB_SIZE: 15
AVG_THERMAL_GRADIENT_THRESHOLD: 79.3132951485801
MAX_TRACKING_DISTANCE: 59.261159395933056
MIN_STRENGTH_THRESHOLD: 0.844281350573758
STRENGTH_DECAY: 0.8371534324774428
PERSISTENCE_THRESHOLD: 0.505687190273056
initial_valid_strength: 0.8635815756928121
initial_invalid_strength: 0.6316828273128612
matched_decay_base: 0.7903441219780705
matched_decay_bonus: 0.4478134079939509
unmatched_decay_base: 0.5223834589004804
unmatched_decay_bonus: 0.30253275248378886
VALIDITY_MARGIN_RATIO: 0.7606799734099061
gradient_decay_factor: 0.32939679841845115
fallback_search_radius: 16

train_score: 0.4879
best_trial_number: 1874
beta_for_score: 1.0
