HOT_PIXEL_PERCENTAGE: 0.4998596077226184
MIN_BLOB_SIZE: 16
AVG_THERMAL_GRADIENT_THRESHOLD: 76.20506198580334
MAX_TRACKING_DISTANCE: 35.10890647991514
MIN_STRENGTH_THRESHOLD: 0.5061190339063729
STRENGTH_DECAY: 0.5342026230677401
PERSISTENCE_THRESHOLD: 0.9858611694573458
initial_valid_strength: 0.9361121521438082
initial_invalid_strength: 0.39640012823826715
matched_decay_base: 0.6588601136272453
matched_decay_bonus: 0.41143659766196244
unmatched_decay_base: 0.5579050095451894
unmatched_decay_bonus: 0.1236708236340292
VALIDITY_MARGIN_RATIO: 0.7049199532665159
gradient_decay_factor: 0.0002841403008097543
fallback_search_radius: 10

train_score: 0.4978
best_trial_number: 1816
beta_for_score: 1.0
