HOT_PIXEL_PERCENTAGE: 0.49298086164860205
MIN_BLOB_SIZE: 16
AVG_THERMAL_GRADIENT_THRESHOLD: 76.98679400019132
MAX_TRACKING_DISTANCE: 31.99223334538412
MIN_STRENGTH_THRESHOLD: 0.8676362578301979
STRENGTH_DECAY: 0.49128591016315337
PERSISTENCE_THRESHOLD: 0.7759057929779288
initial_valid_strength: 0.8763260776805842
initial_invalid_strength: 0.5493772470590286
matched_decay_base: 0.756133485071926
matched_decay_bonus: 0.49032524613193185
unmatched_decay_base: 0.6724913467239082
unmatched_decay_bonus: 0.30682140598963353
VALIDITY_MARGIN_RATIO: 0.5575560385057441
gradient_decay_factor: 0.5801823014284039
fallback_search_radius: 18

train_score: 0.4981
best_trial_number: 1733
beta_for_score: 1.0
