HOT_PIXEL_PERCENTAGE: 0.49977251589997085
MIN_BLOB_SIZE: 16
AVG_THERMAL_GRADIENT_THRESHOLD: 76.91459898465158
MAX_TRACKING_DISTANCE: 43.53940218285173
MIN_STRENGTH_THRESHOLD: 0.9024040828386312
STRENGTH_DECAY: 0.8547082351226831
PERSISTENCE_THRESHOLD: 0.9680630301400587
initial_valid_strength: 0.9843382825667455
initial_invalid_strength: 0.36714945122271264
matched_decay_base: 0.794744415044811
matched_decay_bonus: 0.4182465573817658
unmatched_decay_base: 0.46849138929508577
unmatched_decay_bonus: 0.11666038310941132
VALIDITY_MARGIN_RATIO: 0.6328320032351449
gradient_decay_factor: 0.17596454563418695
fallback_search_radius: 30

train_score: 0.4473
best_trial_number: 2442
beta_for_score: 2.0
