HOT_PIXEL_PERCENTAGE: 0.49971672451924243
MIN_BLOB_SIZE: 15
AVG_THERMAL_GRADIENT_THRESHOLD: 79.06433293429839
MAX_TRACKING_DISTANCE: 58.19338795063012
MIN_STRENGTH_THRESHOLD: 0.6332877906046895
STRENGTH_DECAY: 0.8998358802663502
PERSISTENCE_THRESHOLD: 0.4352555132292994
initial_valid_strength: 0.7816709897467672
initial_invalid_strength: 0.34709268040526153
matched_decay_base: 0.6946543530375493
matched_decay_bonus: 0.3984116758533798
unmatched_decay_base: 0.6909355250265883
unmatched_decay_bonus: 0.33307500450072225
VALIDITY_MARGIN_RATIO: 0.5989743647594856
gradient_decay_factor: 0.7862717943448715
fallback_search_radius: 10

train_score: 0.4486
best_trial_number: 2010
beta_for_score: 2.0
