HOT_PIXEL_PERCENTAGE: 0.4997304216758475
MIN_BLOB_SIZE: 15
AVG_THERMAL_GRADIENT_THRESHOLD: 78.86501758384472
MAX_TRACKING_DISTANCE: 59.099623205660855
MIN_STRENGTH_THRESHOLD: 0.7683450154827957
STRENGTH_DECAY: 0.8915199818512073
PERSISTENCE_THRESHOLD: 0.6027205040765939
initial_valid_strength: 0.8115299480015628
initial_invalid_strength: 0.6212503469346256
matched_decay_base: 0.6688824229059783
matched_decay_bonus: 0.4276562804282113
unmatched_decay_base: 0.6942762596273624
unmatched_decay_bonus: 0.35529707803937227
VALIDITY_MARGIN_RATIO: 0.5436194601625198
gradient_decay_factor: 0.8488494975110318
fallback_search_radius: 40

train_score: 0.4567
best_trial_number: 2226
beta_for_score: 2.0
