HOT_PIXEL_PERCENTAGE: 0.4999141428349302
MIN_BLOB_SIZE: 16
AVG_THERMAL_GRADIENT_THRESHOLD: 76.5336622537576
MAX_TRACKING_DISTANCE: 55.21139737793137
MIN_STRENGTH_THRESHOLD: 0.41892980523445805
STRENGTH_DECAY: 0.8738158599495782
PERSISTENCE_THRESHOLD: 0.9460168562004063
initial_valid_strength: 0.7112613535423935
initial_invalid_strength: 0.3987102051396584
matched_decay_base: 0.7288136440781587
matched_decay_bonus: 0.36032083584714625
unmatched_decay_base: 0.680169787667236
unmatched_decay_bonus: 0.35603344656008423
VALIDITY_MARGIN_RATIO: 0.6881190748901612
gradient_decay_factor: 0.9999049406321902
fallback_search_radius: 17

train_score: 0.4521
best_trial_number: 1837
beta_for_score: 2.0
