HOT_PIXEL_PERCENTAGE: 0.49192869330688366
MIN_BLOB_SIZE: 16
AVG_THERMAL_GRADIENT_THRESHOLD: 76.65033729072552
MAX_TRACKING_DISTANCE: 34.92216014837025
MIN_STRENGTH_THRESHOLD: 0.5167006544698206
STRENGTH_DECAY: 0.8997501462517196
PERSISTENCE_THRESHOLD: 0.22471212780551164
initial_valid_strength: 0.8296715509496537
initial_invalid_strength: 0.38663273076418325
matched_decay_base: 0.7881300920638221
matched_decay_bonus: 0.40029734818059765
unmatched_decay_base: 0.4415426150730621
unmatched_decay_bonus: 0.2692345555503059
VALIDITY_MARGIN_RATIO: 0.5642713025567905
gradient_decay_factor: 0.05468290803167608
fallback_search_radius: 19

train_score: 0.4475
best_trial_number: 2483
beta_for_score: 2.0
