HOT_PIXEL_PERCENTAGE: 0.49992775276027346
MIN_BLOB_SIZE: 16
AVG_THERMAL_GRADIENT_THRESHOLD: 77.83253189092265
MAX_TRACKING_DISTANCE: 47.640451864643694
MIN_STRENGTH_THRESHOLD: 0.4634920916349384
STRENGTH_DECAY: 0.8998634675772101
PERSISTENCE_THRESHOLD: 0.8592349630238357
initial_valid_strength: 0.9256536120265801
initial_invalid_strength: 0.4217689992429274
matched_decay_base: 0.7501590408637004
matched_decay_bonus: 0.33413911981661093
unmatched_decay_base: 0.655392640609467
unmatched_decay_bonus: 0.3547371974393882
VALIDITY_MARGIN_RATIO: 0.5861953013687342
gradient_decay_factor: 0.9289966482528468
fallback_search_radius: 10

train_score: 0.451
best_trial_number: 2062
beta_for_score: 2.0
