HOT_PIXEL_PERCENTAGE: 0.4997084214188318
MIN_BLOB_SIZE: 16
AVG_THERMAL_GRADIENT_THRESHOLD: 77.8054228129127
MAX_TRACKING_DISTANCE: 53.4493219364513
MIN_STRENGTH_THRESHOLD: 0.8764401965449606
STRENGTH_DECAY: 0.8906909200958316
PERSISTENCE_THRESHOLD: 0.36386313276817067
initial_valid_strength: 0.9897665922392783
initial_invalid_strength: 0.7623041860885452
matched_decay_base: 0.7700067732436126
matched_decay_bonus: 0.3499004001430854
unmatched_decay_base: 0.6944597242858356
unmatched_decay_bonus: 0.3774434758683153
VALIDITY_MARGIN_RATIO: 0.578962406790584
gradient_decay_factor: 0.879013783120979
fallback_search_radius: 31

train_score: 0.448
best_trial_number: 1919
beta_for_score: 2.0
