HOT_PIXEL_PERCENTAGE: 0.49984891078589083
MIN_BLOB_SIZE: 16
AVG_THERMAL_GRADIENT_THRESHOLD: 76.48082730166398
MAX_TRACKING_DISTANCE: 58.09033377665981
MIN_STRENGTH_THRESHOLD: 0.8448198937825093
STRENGTH_DECAY: 0.5154559178458467
PERSISTENCE_THRESHOLD: 0.9862359490386823
initial_valid_strength: 0.8553933418653431
initial_invalid_strength: 0.38499624529491244
matched_decay_base: 0.7375579077384057
matched_decay_bonus: 0.45626343268763814
unmatched_decay_base: 0.5922983648866976
unmatched_decay_bonus: 0.1918535122730463
VALIDITY_MARGIN_RATIO: 0.6358126037040697
gradient_decay_factor: 0.6531217206495094
fallback_search_radius: 20

train_score: 0.4473
best_trial_number: 2284
beta_for_score: 2.0
