HOT_PIXEL_PERCENTAGE: 0.49989346762530623
MIN_BLOB_SIZE: 16
AVG_THERMAL_GRADIENT_THRESHOLD: 77.18627784296147
MAX_TRACKING_DISTANCE: 36.573128619584324
MIN_STRENGTH_THRESHOLD: 0.7282147284956364
STRENGTH_DECAY: 0.8061925485352543
PERSISTENCE_THRESHOLD: 0.3292520735398825
initial_valid_strength: 0.7514445086547078
initial_invalid_strength: 0.5438204960883308
matched_decay_base: 0.706325404638807
matched_decay_bonus: 0.43496245824441643
unmatched_decay_base: 0.6996963377332756
unmatched_decay_bonus: 0.3999059982689476
VALIDITY_MARGIN_RATIO: 0.7804486282890483
gradient_decay_factor: 0.7384679870753775
fallback_search_radius: 25

train_score: 0.4586
best_trial_number: 2419
beta_for_score: 2.0
