HOT_PIXEL_PERCENTAGE: 0.4998409744957804
MIN_BLOB_SIZE: 16
AVG_THERMAL_GRADIENT_THRESHOLD: 77.16190100298196
MAX_TRACKING_DISTANCE: 44.876512599147375
MIN_STRENGTH_THRESHOLD: 0.9496562091980278
STRENGTH_DECAY: 0.8876290842548301
PERSISTENCE_THRESHOLD: 0.9589238382590612
initial_valid_strength: 0.9927443742318062
initial_invalid_strength: 0.4209672453058002
matched_decay_base: 0.7712477697309317
matched_decay_bonus: 0.4076771274237491
unmatched_decay_base: 0.629663910887771
unmatched_decay_bonus: 0.33634477436879684
VALIDITY_MARGIN_RATIO: 0.5701910585371192
gradient_decay_factor: 0.16205095015484136
fallback_search_radius: 18

train_score: 0.4499
best_trial_number: 832
beta_for_score: 2.0
